#!/usr/bin/env escript
%% -*- erlang -*-

-include_lib("sudoku/include/sudoku.hrl").

main([Args]) ->
    application:start(sudoku),
    solve(Args),
    application:stop(sudoku),
    erlang:halt();

main(_) ->
    usage().

usage() ->
    io:format("usage: sudoku\n"),
    erlang:halt(1).

solve("2") -> 
    io:format("~p~n", [sudoku_slv:solve( 2, d2_table() )] );
solve("3") -> 
    io:format("~p~n", [sudoku_slv:solve( 3, d3_table() )] );
solve("4") -> 
    io:format("~p~n", [sudoku_slv:solve( 4, d4_table() )] ).

d2_table() ->
    { { 0, 0, 0, 1 },
      { 0, 0, 0, 0 },
      { 0, 0, 0, 0 },
      { 0, 0, 0, 0 }
    }.

d3_table() ->
    { { 0, 2, 0, 0, 6, 0, 4, 0, 3 },
      { 4, 0, 0, 3, 0, 8, 0, 0, 6 },
      { 0, 0, 3, 0, 5, 0, 0, 1, 7 },
      { 0, 8, 0, 1, 0, 0, 5, 0, 2 },
      { 3, 0, 0, 0, 2, 0, 0, 0, 8 },
      { 6, 0, 2, 0, 0, 5, 0, 7, 0 },
      { 1, 7, 0, 0, 3, 0, 8, 0, 0 },
      { 2, 0, 0, 4, 0, 7, 0, 0, 5 },
      { 9, 0, 6, 0, 8, 0, 0, 3, 0 }
    }.

d4_table() ->
    { { 0, 0, 0, 0, 0, 0, 0, 0, 0, 0, 0, 0, 0, 0, 0, 0 },
      { 0, 0, 0, 0, 0, 0, 0, 0, 0, 0, 0, 0, 0, 0, 0, 0 },
      { 0, 0, 0, 0, 0, 0, 0, 0, 0, 0, 0, 0, 0, 0, 0, 0 },
      { 0, 0, 0, 0, 0, 0, 0, 0, 0, 0, 0, 0, 0, 0, 0, 0 },
      { 0, 0, 0, 0, 0, 0, 0, 0, 0, 0, 0, 0, 0, 0, 0, 0 },
      { 0, 0, 0, 0, 0, 0, 0, 0, 0, 0, 0, 0, 0, 0, 0, 0 },
      { 0, 0, 0, 0, 0, 0, 0, 0, 0, 0, 0, 0, 0, 0, 0, 0 },
      { 0, 0, 0, 0, 0, 0, 0, 0, 0, 0, 0, 0, 0, 0, 0, 0 },
      { 0, 0, 0, 0, 0, 0, 0, 0, 0, 0, 0, 0, 0, 0, 0, 0 },
      { 0, 0, 0, 0, 0, 0, 0, 0, 0, 0, 0, 0, 0, 0, 0, 0 },
      { 0, 0, 0, 0, 0, 0, 0, 0, 0, 0, 0, 0, 0, 0, 0, 0 },
      { 0, 0, 0, 0, 0, 0, 0, 0, 0, 0, 0, 0, 0, 0, 0, 0 },
      { 0, 0, 0, 0, 0, 0, 0, 0, 0, 0, 0, 0, 0, 0, 0, 0 },
      { 0, 0, 0, 0, 0, 0, 0, 0, 0, 0, 0, 0, 0, 0, 0, 0 },
      { 0, 0, 0, 0, 0, 0, 0, 0, 0, 0, 0, 0, 0, 0, 0, 0 },
      { 0, 0, 0, 0, 0, 0, 0, 0, 0, 0, 0, 0, 0, 0, 0, 0 }
    }.
% vim: filetype=erlang :
